c0
180 80
90 40
90 80
90 40
3 180 50
c1
3 -90 40
-90 80
180 80
135 56.57
0 -56.57
3 -225 10
c2
-90 40
-90 40
-45 56.57
135 40
0 -40
45 56.57
45 40
3 -90 10
c3
-90 40
-135 56.57
-45 -40
45 56.57
0 -56.57
3 -135 40
3 -90 10
c4
180 40
90 40
-90 40
0 -80
3 90 10
c5
3 -90 40
0 -40
-90 40
90 40
-90 40
-90 40
0 -40
3 -90 80
3 -90 10
c6
3 -90 40
-135 56.57
45 40
90 40
90 40
90 40
-135 56.57
3 -45 10
c7
-90 40
-135 56.57
45 40
3 90 40
3 90 80
3 -90 10
c8
180 80
90 40
90 40
90 40
0 -40
-90 40
90 40
3 180 50
c9
-90 40
-90 40
-45 56.57
0 -56.57
-45 40
-90 40
3 -90 50
